f1: 3.6705796749939363
exact_match: 3.0
Mean Reciprocal Rank score: 0.2226908819083189
