f1: 0.4078421861104374
exact_match: 0.3333333333333333
Mean Reciprocal Rank score: 0.2226908819083189
