f1: 0.4078421861104374
exact_match: 0.3333333333333333
Mean Reciprocal Rank score: 0.2226908819083189
bleu: 0.0
rouge: 0.1949317738791423
-----------------
